200 40
151
173
177
298
276
255
278
227
152
250
244
241
263
183
223
294
177
161
299
165
205
219
259
255
231
153
189
156
256
264
192
164
177
179
249
228
230
257
178
243
242
170
237
217
248
270
250
202
195
290
248
207
259
241
205
279
171
170
231
204
290
208
291
224
175
219
221
187
196
170
268
179
294
274
231
222
278
237
164
216
224
257
205
150
264
238
181
159
189
270
184
196
277
200
260
170
155
226
274
273
209
156
171
265
255
224
293
213
247
271
296
278
198
244
168
238
291
161
162
186
151
227
266
251
220
255
248
176
208
273
288
286
288
168
195
215
169
162
170
245
262
231
178
233
171
246
288
250
213
278
210
195
237
259
264
194
167
227
195
246
164
231
159
288
223
266
262
235
294
288
158
182
289
161
297
184
287
206
173
194
217
262
154
214
199
191
187
174
161
192
153
231
191
155
267
260
275
167
181
200