200
594
556
683
572
558
508
585
651
624
633
655
559
514
657
652
543
604
523
634
606
504
611
578
575
618
629
569
588
522
556
572
543
582
691
556
680
641
509
652
640
513
533
684
621
587
504
568
530
659
664
541
653
617
652
604
564
553
685
672
669
564
563
654
527
627
621
501
554
671
566
580
666
674
677
642
582
692
566
659
699
605
543
621
631
611
600
682
576
563
513
651
555
634
687
530
631
502
654
538
579
583
685
579
518
612
503
646
669
693
507
514
556
500
691
510
683
607
671
602
515
540
567
529
682
544
525
667
674
628
688
689
630
664
644
564
617
520
656
517
699
565
504
560
640
525
689
532
544
686
596
610
567
531
556
540
575
684
511
636
663
517
559
612
512
657
640
578
557
670
592
519
513
553
622
591
658
521
575
534
581
520
609
515
688
679
588
572
626
543
576
650
510
576
660
534
607
549
530
560
630