200 20
63
66
33
57
105
122
96
83
53
36
120
31
136
129
52
59
34
69
67
115
63
99
45
149
51
89
64
119
59
91
53
98
43
24
131
35
81
29
71
108
82
145
148
90
71
117
135
31
25
34
73
76
22
64
135
80
93
131
103
52
98
104
110
80
84
25
86
45
122
50
32
83
125
87
74
69
70
108
42
32
21
89
149
98
70
63
49
107
97
99
76
122
125
55
49
85
23
113
80
123
89
47
83
136
51
33
118
145
134
118
89
84
122
20
45
141
55
84
36
84
123
95
114
63
124
52
45
26
108
48
24
46
108
60
65
115
113
55
72
132
145
83
105
30
128
111
44
54
130
123
50
124
58
106
135
39
37
102
32
56
31
49
60
143
125
120
40
100
37
43
93
51
72
20
52
87
66
73
38
139
28
63
71
113
108
68
143
55
35
62
146
93
122
123
143
41
45
64
82
27