200 20
527
503
666
556
542
508
528
629
524
671
672
538
511
644
696
545
655
605
527
574
540
544
585
664
614
561
694
577
650
591
545
561
656
620
608
696
514
537
678
515
623
697
602
674
664
605
569
666
652
580
648
677
657
507
539
609
564
573
570
578
594
665
598
598
630
654
520
566
533
636
584
658
513
569
620
528
504
572
680
527
689
603
579
683
681
657
501
679
509
676
627
531
611
682
613
637
528
686
625
592
544
528
544
678
587
674
573
560
583
634
645
599
680
500
696
605
630
560
528
670
540
684
618
624
600
602
522
502
622
581
529
697
577
577
518
642
501
623
691
683
671
673
570
672
643
640
575
592
578
692
558
610
688
690
657
682
545
592
543
619
647
669
564
653
572
636
526
685
591
686
585
572
539
654
526
631
672
666
673
695
673
598
619
524
647
614
562
521
648
533
534
663
544
583
623
677
545
594
617
506