200 10 20
91
102
93
112
28
105
47
22
138
95
69
94
59
53
129
80
68
136
86
113
120
27
38
91
28
67
35
145
60
81
39
26
36
24
46
67
41
49
45
63
80
95
37
70
30
103
139
147
72
115
35
75
124
139
141
38
147
121
53
35
100
40
89
112
70
142
56
132
103
149
132
71
52
137
80
40
41
90
74
59
108
123
97
94
137
126
93
142
26
147
48
30
133
36
63
56
71
26
104
64
121
59
131
123
122
59
90
90
132
86
31
107
49
117
139
95
24
46
69
23
83
119
28
108
115
89
67
86
87
144
70
39
141
65
29
38
70
80
52
124
135
83
146
112
47
78
148
102
133
80
132
124
147
40
131
65
83
148
128
140
27
93
65
118
86
79
60
119
105
89
38
20
63
126
72
88
99
24
31
70
86
134
29
109
91
33
65
122
21
55
40
53
72
83
114
110
143
144
81
113