2701 400
30
6
30
39
19
19
38
38
4
17
39
3
15
40
27
21
26
6
33
27
3
16
21
20
24
31
32
15
48
6
25
3
34
37
3
3
32
17
39
33
32
1
11
13
47
1
47
10
45
14
16
46
44
38
36
27
10
48
10
25
12
15
25
15
7
32
26
39
47
11
3
8
32
9
49
37
16
15
6
14
40
43
22
44
47
8
12
13
33
17
16
31
20
18
24
26
46
32
21
44
1
6
24
48
39
44
29
44
41
9
24
43
21
3
28
37
21
25
27
45
26
20
27
11
34
22
34
34
18
27
17
12
19
39
40
35
21
5
36
43
8
21
44
36
37
2
26
37
23
36
17
11
49
27
11
34
11
3
10
15
20
18
38
22
16
16
11
19
37
37
3
19
6
37
47
21
20
20
17
1
14
23
38
30
11
48
33
13
10
20
36
35
44
16
30
29
4
13
36
35
30
27
39
40
21
46
43
13
22
8
40
26
6
44
49
34
6
38
10
7
35
43
49
3
23
43
36
26
26
40
42
2
18
13
1
24
34
43
25
27
40
7
32
46
19
29
13
4
21
16
15
31
33
15
6
45
49
14
42
16
34
32
35
18
1
33
25
39
41
7
21
22
24
36
9
30
37
23
23
5
15
46
13
3
23
45
48
5
33
18
34
12
6
33
18
46
12
31
20
27
26
44
41
36
41
48
14
16
10
39
10
29
49
22
42
44
44
31
4
37
37
17
44
6
17
26
3
33
29
34
49
35
40
34
38
5
42
13
49
30
17
18
33
12
38
48
16
44
2
48
28
22
39
45
43
4
35
12
15
12
39
13
44
37
48
49
43
41
39
11
27
33
12
43
4
40
1
29
3
25
23
33
35
7
36
24
20
32
44
12
7
33
9
37
29
18
22
20
47
49