2701 400
8
12
39
47
17
3
23
25
48
45
9
39
48
35
6
46
38
22
4
16
32
48
43
2
49
39
29
28
2
6
25
14
13
4
30
40
3
21
2
15
29
33
14
42
47
36
11
17
21
43
24
26
45
35
6
24
20
45
37
7
16
22
29
1
9
36
9
27
42
21
16
8
31
5
23
36
14
36
49
7
45
39
1
10
17
22
15
23
29
18
27
31
47
33
38
28
1
36
28
39
28
45
16
22
12
49
7
2
14
21
31
17
45
29
4
49
43
21
1
10
13
24
13
25
26
23
12
14
13
23
29
27
31
34
30
33
12
48
13
28
32
45
29
3
29
21
11
45
3
46
2
45
29
9
28
15
27
49
16
38
29
16
30
38
29
32
16
40
28
8
36
2
48
20
8
9
5
44
11
45
32
36
14
2
49
4
8
48
36
9
31
16
26
15
22
46
13
18
31
44
34
38
45
5
46
4
44
8
33
8
35
44
16
35
33
27
47
28
7
11
42
46
6
13
10
26
49
48
24
4
33
43
32
41
14
13
46
2
12
26
33
5
37
10
3
32
47
10
16
39
30
36
6
21
3
7
11
36
27
17
9
38
40
42
48
1
14
9
12
14
30
49
22
45
15
36
12
12
43
12
25
4
35
34
45
26
3
20
18
45
36
39
39
14
14
21
30
13
13
42
23
30
11
45
33
5
47
35
24
13
5
12
14
32
43
31
46
12
20
9
11
24
46
39
9
36
8
30
12
48
28
46
45
46
15
3
39
17
19
3
11
41
3
45
33
5
32
36
38
26
24
7
7
9
3
11
30
24
6
43
36
48
36
32
12
28
31
33
45
38
38
35
13
22
26
7
22
10
41
22
23
29
24
20
33
14
20
17
10
29
1
48
29
36
2
15
16
15
19
9