2701 400
18
13
31
8
21
39
43
9
4
1
13
28
46
36
33
15
8
23
15
27
2
26
22
26
15
37
40
22
34
48
48
18
13
12
43
1
33
14
7
11
38
38
11
42
10
42
32
30
1
44
6
17
3
10
2
21
5
40
16
9
18
38
3
43
32
12
2
10
43
28
32
10
40
16
31
18
31
46
21
12
19
1
13
2
45
41
31
26
9
20
15
43
12
28
17
36
41
33
40
29
5
14
5
22
21
38
9
1
23
23
16
5
25
27
16
39
1
36
47
8
14
22
35
29
37
48
38
42
14
46
17
40
6
30
3
21
37
37
20
7
11
4
8
20
29
12
32
3
27
9
33
48
32
25
6
42
34
34
39
30
10
20
33
3
41
17
7
25
7
12
48
7
29
34
2
42
31
33
6
16
9
35
27
34
30
26
8
37
31
45
33
14
12
27
41
43
5
5
20
35
32
4
13
28
1
9
34
44
35
1
40
48
35
26
31
29
19
22
33
21
44
22
15
34
42
9
12
46
26
43
9
3
12
10
10
22
10
39
11
43
43
49
2
14
28
41
7
24
40
10
40
29
35
36
9
15
27
39
23
37
17
49
13
1
36
48
12
18
41
27
47
24
22
31
37
20
4
6
36
28
12
10
36
7
22
26
29
22
36
41
21
5
11
39
27
29
29
23
28
7
45
30
6
22
41
16
40
36
12
33
7
38
15
5
26
40
3
1
33
45
19
26
45
25
44
7
5
43
10
39
45
26
34
45
30
16
31
26
40
44
34
1
29
31
27
43
3
5
47
41
31
28
22
6
46
12
45
12
41
34
36
45
30
41
37
16
20
12
27
28
13
29
45
41
1
46
20
12
18
32
1
22
47
29
21
2
13
33
32
29
11
15
49
13
44
31
20
38
43
3