-5	-22
-1	-46
37	28
-25	3
-40	17
47	8
1	47
12	-23
25	48
13	9
-41	-43
-2	-33
20	-12
-1	47
-44	47
36	-8
-16	7
29	-21
-31	35
1	-12
-5	-24
-34	25
14	-43
22	21
-27	-39
45	-16
-12	36
-32	31
4	32
41	-24
4	33
7	-33
43	-7
-44	-47
-37	12
-43	11
7	-8
-17	23
-26	13
-6	-24
-40	-25
6	36
34	9
-21	44
-2	2
-40	2
-40	-27
-30	-5
-8	-29
13	23
2	-49
-49	40
49	-31
-48	-19
25	10
-32	-8
25	-43
-39	-16
31	10
-30	33
-9	-43
-40	-30
42	48
-6	14
12	2
47	28
12	44
-19	-23
-10	42
-16	46
-47	-49
-39	-6
14	7
26	42
-18	0
8	29
-23	-43
-14	-45
-28	-3
26	-25
24	4
-22	48
44	-28
-46	-9
-41	1
-46	-48
32	26
-42	11
-12	47
2	-30
-23	32
-50	45
-25	27
-9	-20
39	-43
-38	-12
32	0
-19	26
-12	-42
-38	33
-3	4
-50	17
27	34
32	-23
32	33
-12	-25
46	0
-24	17
1	-5
-16	-8
-19	4
-6	-43
23	-6
-35	37
-36	20
-46	25
36	-45
-17	26
31	-31
-49	26
-34	36
29	41
13	-35
-4	-31
-4	2
-20	-8
-1	-38
17	-8
14	-32
-49	22
-16	-30
19	24
-44	-36
24	-47
-35	-6
22	-38
16	26
2	15
-28	-20
-50	-32
-11	-30
-2	-41
-18	16
22	-48
40	-21
26	-17
-29	-41
-31	36
-23	-45
14	-38
-36	7
-38	10
40	-15
32	-24
37	36
-1	-30
38	24
-27	-10
-12	-45
-48	37
17	-23
5	-41
-25	-46
33	-22
31	12
-7	37
-17	-19
-46	22
17	31
-50	41
10	43
-3	23
16	42
38	-15
-26	14
-13	-22
-23	23
-21	2
-29	-20
-16	-18
-6	25
47	22
3	-11
13	41
14	-37
44	-50
41	27
-9	-32
-45	-27
14	-42
-43	-41
31	-12
24	-20
-5	-23
22	-16
34	9
-7	-26
-31	-7
15	-29
-21	0
-15	-5
-45	40
24	-15
-13	1
-47	29
3	-5
-22	-5
14	13
-33	1
-45	-24
-39	16
-20	30
24	-45
-31	-12
15	15
27	-38
-18	10
20	8
-45	19
-2	21
20	-36
18	31
2	10
32	-5
-20	9
4	-50
25	0
16	5
24	-10
-40	-3
-13	-21
6	-47
34	9
-25	14
-36	17
33	21
45	36
-27	22
2	-42
-25	31
-41	19
37	-36
-34	-14
-33	46
-42	-22
16	5
47	32
29	-25
18	41
-38	-33
-3	25
11	23
-29	30
31	3
25	48
-24	-20
20	-3
17	35
39	41
35	23
-4	-28
2	-37
17	-41
-15	-17
1	44
-37	1
-21	-17
25	5
-45	35
-3	-24
-40	46
-14	46
14	-38
-24	27
-24	39
43	18
21	-7
-38	14
27	-1
-39	28
-5	-34
33	-12
-25	1
7	-45
-29	40
2	9
-20	43
-25	40
15	-4
-20	-7
-42	33
16	-1
47	22
-41	-2
-46	14
-36	6
47	-23
-10	46
44	9
-38	-14
32	12
-22	17
-32	24
-3	1
16	-9
31	-17
12	43
23	31
-36	-20
-41	-22
15	-28
4	14
-49	-49
-14	-13
-14	3
-6	-19
26	16
46	13
38	42
39	-11
30	35
-21	4
-26	-49
26	28
6	45
-48	4
28	9
-2	-45
41	31
-45	6
-22	-5
-5	17
-21	-9
2	-35
-40	-14
-35	36
31	2
35	46
39	41
17	42
-9	-20
-18	30
24	-7
42	26
-38	13
-15	41
-9	4
-46	-22
22	-10
46	-6
-41	38
28	-9
-43	-26
42	23
-49	39
7	37
-46	21
27	-18
38	-42
-40	-45
-26	-20
-13	23
-43	-20
13	44
6	13
-5	-35
-35	-47
21	-16
10	22
24	42
42	-1
-44	1
-12	32
-11	-47
9	48
20	-27
1	-46
-33	10
-30	-34
-9	31
0	35
16	-24
-13	18
3	-43
30	-17
9	-45
41	-26
-45	8
-27	23
26	-37
-4	26
-44	0
12	14
45	-43
23	-24
18	-15
-47	-18
-24	46
-8	10
-22	18
-31	-15
-44	49
-5	-33
-17	-13
-6	2
-47	-23
17	29
4	-11
1	-16
40	3
9	-36
10	-28
-48	-24
16	-14
-42	-44
-36	14
-33	16
-25	-30
-5	-34
31	-27
-8	-45
-43	12
47	-3
21	-31
38	28
11	-49
36	39
-20	5
-3	-32
2	-33
47	27
-39	-9
-13	-15
17	-44
-44	-30
29	41
-49	-10
-19	-44
38	-22
13	-30
44	-6
2	13
34	12
27	-40
10	37
-28	1
45	-4
31	-33
-21	15
-5	33
-3	-47
18	7
-2	45
-48	1
-13	-15
-24	-50
8	-23
4	34
-15	-28
16	35
14	27
47	-50
-27	-21
-2	-4
5	-29
23	-36
-47	-3
-35	-5
26	47
20	19
-48	-11
-13	43
10	31
-24	49
-9	29
36	0
6	1
-47	19
-9	36
28	46
-42	-28
-27	15
12	-37
40	-7
14	-27
4	3
-6	-26
27	-19
17	-27
5	-10
17	-11
32	46
6	38
21	15
-7	-12
40	36
40	47
-39	-3
-48	-41
-16	-22
28	-24
48	36
-3	-19
0	-42
-34	48
44	-35
27	20
34	-34
-35	1
-28	14
-47	-39
-32	15
-27	25
-25	-50
-42	13
6	3
-28	8
42	20
7	-41
36	-17
46	-26
26	12
-25	45
17	-38
43	12
28	19
12	-33
-40	-38
32	-21
43	-16
-27	-49
31	-25
-6	11
-21	26
17	44
42	26
-17	44
-18	41
28	-9
-2	47
-31	-38
-36	-8
-44	26
16	-8
-45	-45
25	-13
-21	33
-33	-28
22	1
47	42
-45	17
-1	-15
48	48
-12	-12
49	-41
46	25
42	-40
-42	-13
-13	-19
17	22
10	48
4	35
33	-1
26	27
28	-47
-28	22
-30	-5
1	-25
-3	-34
10	-1
-17	-4
6	4
-45	-5
-21	-26
-44	-24
19	-39
24	-38
-5	48
49	30
22	-22
-29	40
-29	-38
-39	-46
18	3
-32	-39
31	-45
-22	-37
34	-9
7	0
-25	-7
-10	46
12	-38
-5	43
12	-1
-28	26
27	19
2	44
-48	14
-39	34
-1	-4
-38	-41
-49	32
47	-21
12	-2
-29	17
-1	33
-45	19
-20	39
30	15
17	16
2	-17
-24	3
-33	35
1	15
-20	-5
23	-14
9	13
-20	-13
-38	-11
31	-36
32	-46
17	-28
-9	-21
-21	38
26	16
47	-20
-25	-14
-16	-30
46	0
-42	-4
-16	36
-26	38
-49	-48
36	3
-38	-6
-25	-38
17	27
-21	-44
29	39
36	-38
-42	39
46	24
-32	19
-26	-41
25	17
-24	-48
15	34
-13	-8
-26	-36
28	9
-28	-4
13	-38
46	-7
44	-43
43	-3
-19	-20
-40	-3
-36	-44
47	-19
-38	19
-10	-39
-32	-11
-2	25
38	9
-1	-25
-17	-23
-32	44
41	42
-2	26
-12	14
44	36
48	38
-47	45
19	-13
-29	-11
-27	-29
-11	-29
-20	36
-39	-10
-35	-48
21	2
-44	-7
-45	-30
45	-9
-8	23
46	48
-8	25
40	19
31	0
-30	11
-3	16
14	-31
47	18
7	-18
1	43
-35	15
46	34
0	22
24	31
11	-18
49	-2
46	26
15	-45
18	-11
-36	45
12	-7
-28	40
27	40
12	-37
45	41
-29	21
30	-26
-18	16
40	22
0	-47
49	39
16	-32
-30	-21
41	17
33	29
41	26
-45	9
-4	-9
30	10
16	34
2	-43
-34	-25
32	-7
-45	32
-47	-39
31	30
-18	41
-31	15
3	-33
-10	-17
-22	48
-26	0
-30	46
-18	-29
12	11
3	-12
29	-44
30	1
44	-16
-34	45
-33	48
-23	-16
37	48
40	16
22	28
-16	34
-37	-30
18	-15
-20	43
35	-15
-10	27
10	-35
24	47
-25	2
-28	34
14	7
12	-33
3	13
-19	17
45	41
48	-18
-21	-30
-25	40
-16	-6
-34	46
-23	39
-9	-41
-25	29
48	17
25	-30
11	-38
-46	-21
5	49
19	35
45	-27
21	44
-36	22
29	-33
-11	3
29	1
-11	2
-3	-10
30	16
12	11
-34	-33
10	-4
8	10
32	35
-28	-29
-11	-29
-21	11
-6	-1
-34	-21
-37	-24
41	-10
34	2
-7	-16
-9	-9
-29	-24
22	20
-2	-43
40	8
-4	-41
18	36
36	-13
24	-39
16	36
-50	10
27	48
-40	-14
8	-15
45	-22
-14	-39
-4	39
-41	14
-47	-14
-3	29
10	1
-9	-4
33	48
-12	-5
-1	44
35	-26
23	-25
-18	-32
12	32
-2	16
-14	1
41	9
15	-16
-40	-9
-32	-42
-21	-40
10	-38
-44	7
3	-50
-20	-16
-36	-34
-22	-11
8	13
-4	9
13	-45
46	-45
-42	11
-4	-17
10	-2
2	12
-3	40
37	38
-4	8
9	-43
-17	-19
12	18
0	-10
27	-15
35	-44
-23	31
15	46
28	-24
48	-30
3	45
-43	-25
-31	-34
-32	-3
-19	-50
8	24
31	-41
32	-16
-36	33
20	-48
-37	15
46	19
-20	-18
-7	-31
31	-33
-28	-44
9	-33
-34	-12
-34	47
46	-11
-39	-5
-24	-50
9	18
-3	0
-26	13
-5	42
7	-46
-3	-7
9	-50
-43	-15
-42	2
15	-47
36	-46
22	-48
29	-49
-47	13
-30	-5
11	0
37	37
-28	40
38	-8
6	8
7	-39
4	-24
49	-34
-23	34
46	-41
13	-24
6	-14
26	-24
-3	3
12	-19
47	9
-41	23
-6	48
12	47
-35	-24
-5	36
-45	21
-34	17
1	-4
-19	-42
47	-25
36	-10
8	-27
42	-22
-18	46
32	39
32	34
44	-24
48	-20
24	43
35	1
34	-45
26	0
5	25
48	23
-26	-22
-19	35
-13	49
-4	35
-20	-27
2	37
-34	-47
7	-2
-6	13
10	44
-30	34
-6	-25
-4	-24
32	-7
20	17
35	17
-16	15
-8	48
32	2
-12	-45
31	3
19	39
5	8
15	7
16	-2
-38	8
-24	-1
0	32
-19	5
2	35
-34	-14
-24	18
49	16
2	-9
-27	12
2	-17
-5	32
12	-33
-32	-20
38	27
-14	-16
42	-5
-28	-21
-31	17
7	14
17	-32
2	28
32	-28
29	11
-9	19
-25	45
0	-41
-11	44
-2	-43
2	-5
14	28
42	-11
-43	-41
44	28
-21	-6
-46	1
41	-18
24	-13
-48	3
24	40
24	-1
-28	0
-28	-22
-11	-41
44	-36
42	33
-25	11
24	46
-31	29
-21	-32
46	7
26	39
-49	-8
23	37
-46	46
-18	17
42	-32
-7	25
-49	-4
12	-35
-5	10
-50	-4
18	5
35	49
-36	-9
-11	-15
-8	-7
-2	-42
-21	-38
28	45
4	-21
26	-14
49	47
-43	-18
24	-24
-22	20
-37	11
-18	-48
-8	-2
13	18
16	41
-5	29
3	9
11	48
-26	-39
-10	20
26	-31
11	31
-24	28
-39	-5
-47	30
-41	22
-44	-9
49	45
14	-30
-2	-32
1	34
-48	18
-31	-20
-15	-42
7	-50
31	-38
1	27
9	-19
-5	-32
26	-38
30	-12
-17	-38
16	-15
14	47
32	-6
17	42
6	-8
24	0
40	26
-14	33
27	-42
-41	37
-1	-12
38	-17
35	-35
2	19
44	40
-17	43
46	8
-34	7
29	42
3	29
-38	-31
-8	-7
-2	43
46	32
19	17
35	40
7	28
-31	49
-44	8
-16	24
47	-46
-27	43
21	44
-7	-22
-16	-47
28	-10
8	26
-13	-8
47	28
-39	-7
-21	-43
-10	-27
0	-16
46	-43
-12	-26
20	3
11	-42
-13	14
33	3
43	-20
-2	29
24	-2
-32	45
-24	26
35	-27
-29	37
17	-1
36	-20
22	6
-18	6
-22	27
-19	23
1	0
-29	-24
22	-21
9	-43
45	-15
-9	-49
-37	47
12	-5
49	25
-40	24
42	5
31	-13
-2	-7
-26	4
-34	-39
-3	-7
7	-31
39	-33
-6	20
30	37
19	-44
19	-30
-18	23
19	28
-16	-49
-23	-43
44	-3
-19	-30
-35	38
-47	11
-38	41
-50	-15
-25	2
-5	17
8	12
-3	3
34	12
44	-25
-26	-29
-34	-25
-43	-50
21	-15
-16	25
-11	33
-24	-46
5	26
12	13
13	-45
-13	12
-26	25
35	14
-13	39
-1	26
-46	-37
-14	43
-48	14
-22	-49
37	-15
46	-39
-17	-44
20	17
7	-22
41	17
18	25
9	-2
-15	-32
17	21
29	25
-6	2
14	24
48	-24
-28	21
-13	34
-15	14
-33	-29
-22	-6
-21	-45
5	-23
35	-31
46	14
-20	-42
-29	39
3	-26
41	28
45	-33
-20	20
-29	28
13	38
46	5
-24	-37
49	45
-22	16
40	-29
16	49
-11	-8
-33	13
26	-21
-8	29
23	-6
-8	-48
44	29
-23	-27
-43	-31
37	0
-30	-1
2	-16
4	7
38	9
-29	-33
49	-44
33	41
-21	17
5	16
-23	45
-14	37
27	-33
-41	34
-34	8
40	11
11	-32
33	20
2	34
-48	-17
-19	-35
-35	-49
-35	6
-41	1
-49	-27
35	10
16	-9
1	-20
31	-42
-7	-36
32	-31
47	-32
43	6
-17	-35
-12	18
-36	-46
-32	1
26	-45
27	-36
39	0
-16	-27
46	48
42	-27
-28	-37
25	-21
-26	14
35	47
20	-35
8	10
-31	-38
-49	32
-22	-27
18	14
-12	45
22	18
-22	-8
35	-44
27	-7
-1	-19
3	-10
-16	45
30	-1
-13	16
9	-21
27	-16
33	-48
-39	-42
3	-34
-47	-50
-4	-38
-29	32
9	1
-34	12
-39	19
10	4
4	6
5	-26
-39	4
-43	-49
20	-42
-22	42
-22	34
37	38
34	43
30	18
-13	-37
-25	42
-4	44
41	-29
37	33
-15	25
20	47
-36	20
-9	-45
40	-10
29	44
5	-43
-22	-20
-49	14
-32	-25
-1	26
24	33
-21	11
18	-40
35	3
12	33
-46	-6
-49	-43
32	-23
-8	-43
-41	25
-11	-15
-11	-2
-26	27
-22	6
39	-2
-46	20
41	30
-49	49
-18	6
49	-6
-33	-33
41	43
3	21
15	3
-1	18
24	-4
39	-50
-36	-48
-15	-34
-12	41
-30	33
-4	39
32	-36
27	-21
-49	-45
19	-32
-31	-19
-4	23
46	27
43	-25
27	-15
45	-30
20	-3
-10	22
-40	27
38	-10
-22	-29
25	-45
17	-12
34	8
43	-22
-7	-42
2	24
-32	3
23	-36
-8	-12
-42	-39
29	0
-21	5
48	0
-31	1
8	-3
33	12
41	-26
18	38
-24	25
27	-23
-21	40
16	-17
-50	15
25	-32
-9	-43
-46	12
-30	-46
2	6
30	33
15	-29
-18	-3
7	8
46	-26
-30	-25
3	32
-49	3
30	-8
15	-29
-6	7
44	12
-21	-41
27	48
-31	-49
1	-34
8	-50
49	-48
10	-42
23	-36
-19	20
-2	0
-2	48
-12	-27
23	21
-49	-7
23	-11
48	-33
9	-3
-40	-49
-21	-31
-24	18
37	-18
33	-4
28	27
-21	-2
-41	44
-47	-48
37	-1
24	-36
33	45
-22	-42
-32	-34
42	4
16	-22
24	7
-11	19
-39	-20
-37	32
-37	-25
-10	44
12	-50
34	6
-24	-34
-37	31
-25	-16
-47	2
46	39
0	-44
37	-29
-47	-26
-35	-15
-34	24
-18	36
1	19
42	-15
-40	-8
-6	-30
-20	34
-33	-26
23	-33
-45	23
10	23
48	43
-30	29
-42	22
5	7
40	2
32	11
49	-50
-28	7
21	33
-16	6
-22	1
-13	-38
29	18
0	-25
-27	-30
-12	27
32	31
38	-30
37	43
22	-22
-44	-17
6	-49
7	11
-19	26
-17	24
-4	-33
43	36
12	14
-12	0
-46	31
38	-4
47	6
-16	-19
8	3
-16	-29
38	19
16	-26
3	-30
-7	23
-20	3
14	-13
-9	2
-50	2
-45	-11
-45	28
-17	34
42	24
-12	42
-29	-13
32	-9
17	-49
-28	8
-21	25
47	34
17	46
-48	22
29	32
6	37
-4	-32
-29	49
-13	-32
38	-31
-19	24
-41	-46
46	-21
24	26
19	-12
41	24
15	-49
-19	22
-13	26
-29	-19
-29	-36
26	-21
35	-44
38	17
-1	-8
-10	10
25	-43
-40	-11
-24	-24
-45	-27
-24	27
31	26
9	0
-15	33
24	34
-20	-15
-41	-19
-31	16
-48	43
-48	13
-1	11
28	-8
44	-19
1	2
-42	22
21	48
17	13
14	-14
24	5
33	45
-39	-46
-6	13
-3	27
-3	32
-18	11
-32	-9
-15	-11
34	5
19	-23
23	12
12	-38
-32	-10
-1	14
41	1
-13	-3
25	-3
-7	-30
-47	-4
-34	-43
11	-18
-46	41
25	-3
26	-27
-28	26
46	-42
-47	5
-3	-27
-8	45
-12	-35
-32	-15
-6	-17
17	45
25	1
22	-7
45	40
-31	11
-10	-13
-5	-47
-3	-21
17	-18
27	43
-14	-15
-7	-38
-4	-32
6	22
-16	48
-42	-1
-46	-32
-50	-35
41	12
5	-19
-35	-4
21	-37
45	36
31	-13
11	0
-27	-2
38	45
46	-33
-42	-29
-20	4
-1	-15
23	-47
-1	6
-46	-25
-25	19
-7	13
-34	-12
8	46
-25	12
10	11
41	8
-48	10
-27	-5
20	49
-15	27
9	40
-46	-28
-22	22
-1	28
-31	-13
-26	-41
-33	-8
11	43
-13	19
41	-8
-29	-35
24	31
-23	-25
-37	3
-22	20
-2	49
-36	48
-50	-33
21	-44
14	27
-29	41
-10	34
-1	36
-11	-35
19	-36
44	-11
34	43
22	-19
-29	-28
-45	-47
-41	-25
48	-33
36	-29
-1	-25
-39	36
-10	15
16	39
-37	7
-8	30
-14	30
-24	-28
32	43
-18	-11
-13	-16
-46	29
-38	-14
-12	-17
17	-50
-27	15
26	-14
-34	24
-23	-30
34	27
10	29
-6	-38
-18	13
13	-20
41	-22
-2	-12
29	5
-5	6
-26	26
-34	-31
-30	-17
-26	-45
-43	-30
25	-41
-11	2
-8	22
33	35
-38	4
-20	14
-1	31
-33	-10
-32	-32
32	24
-12	-14
26	35
-33	-29
26	47
23	-49
-35	0
1	37
-10	-46
23	-49
9	34
3	44
-4	-24
-3	26
-10	45
-42	14
10	-6
-22	-30
33	21
43	-21
48	14
-43	-28
11	-15
-2	-29
-32	-48
-18	-49
-14	-11
-13	22
-35	49
24	24
-30	28
39	5
-43	34
15	4
15	-26
-29	-14
-36	-43
-11	34
42	-14
27	16
-39	-29
24	-17
-11	-6
23	-35
41	-48
41	19
-4	12
-38	10
-7	-4
37	-23
-30	-5
-38	-50
43	3
25	29
16	-44
17	-32
-10	-46
-7	41
15	-41
-14	37
-16	43
14	-27
3	1
-49	-29
-17	32
36	48
20	44
11	-22
25	48
-5	6
38	-29
35	-40
-5	-24
-7	5
-27	-21
36	18
-7	-49
-19	-1
46	-23
-24	19
-49	43
45	-42
0	22
-12	6
21	45
-17	17
8	-10
-31	5
-38	47
2	10
-35	12
-27	-45
42	17
40	-38
19	-24
36	-38
23	-26
-16	-15
-1	3
27	39
-5	24
-19	40
1	-27
14	28
9	2
-1	33
-2	17
-48	-29
-37	-36
21	-29
4	-2
28	5
-46	-10
49	-45
10	46
2	38
-31	-1
-15	-20
-32	19
-41	45
43	-2
36	-38
19	35
-50	14
-36	10
23	0
-39	-43
-44	17
-42	4
-27	20
-47	35
31	-32
9	4
3	33
0	31
25	47
41	26
-21	-26
14	27
23	33
-7	4
-31	37
23	-48
-1	23
-1	-21
25	-22
-29	48
46	-48
-50	-15
4	6
-33	-4
-46	-31
30	20
33	16
-8	30
32	44
-48	7
22	8
-26	-9
-34	-30
-48	-34
15	-42
-42	7
21	-36
-7	39
16	25
-46	-14
-46	-5
36	-16
42	-14
1	48
13	37
-26	42
-17	15
-31	-30
-38	29
-42	32
5	43
-8	8
48	48
12	25
-19	-24
-10	19
-9	24
-23	25
-31	21
2	-33
-35	-42
-50	39
7	9
33	26
49	1
-23	-16
33	20
13	-1
32	21
-35	49
40	-7
5	43
20	-36
39	29
19	-3
23	-16
26	-36
7	47
-40	-19
-13	37
-49	30
-5	1
-6	-41
-48	24
-22	8
-32	-15
22	49
41	28
30	20
-22	-20
-20	-22
30	20
20	11
-42	-38
-12	34
43	2
47	19
13	8
-29	3
14	39
21	-23
-12	40
-8	7
-37	15
-39	-8
-14	-19
-32	1
3	29
-18	-34
-5	-9
-24	41
-32	-14
-11	-31
25	30
-45	-28
-30	-5
40	-48
-43	22
45	46
-31	36
-16	22
39	-18
40	0
0	-10
-36	6
18	-17
6	28
-40	-8
-23	-13
-27	10
13	-10
-49	43
5	-49
-42	-40
43	4
-47	12
-25	-9
3	-36
15	-32
-41	26
4	29
-4	29
25	-9
7	41
37	-14
-7	-44
-26	7
-33	-29
-4	-1
-23	49
-30	-42
-9	45
-50	-7
-46	-43
23	2
0	6
-6	-30
40	26
30	43
15	17
-19	32
-2	4
-41	-6
-41	-17
4	33
35	1
-2	46
44	-39
-35	-34
31	-16
20	8
-39	-35
-11	14
7	30
-41	-37
16	29
-48	-5
-15	47
-11	19
15	29
-31	9
33	25
-47	-25
-14	-15
-12	42
-40	-42
-14	-39
-39	44
30	16
13	18
10	-5
4	-48
18	-10
-48	40
-48	-18
49	-5
40	-48
-22	-40
19	-38
34	-21
-17	-24
-43	-35
-46	-14
14	-4
36	44
-1	-18
-47	19
-29	-31
49	48
45	27
-13	49
-27	-50
33	29
-16	34
14	-21
-37	11
-42	-9
-20	-14
43	-49
7	-26
-44	0
-47	-47
-31	15
-20	43
-42	0
-41	22
39	16
-37	31
29	11
23	-18
-4	32
38	-43
47	-28
34	-18
19	-40
-42	-31
-48	-48
-5	40
-34	39
-5	6
-23	-49
-45	-35
7	-33
10	-21
-31	-22
47	-17
40	-46
-6	37
44	-34
-29	-45
-2	-48
11	-5
29	-18
-35	48
22	-29
-15	-11
13	-29
48	1
7	-45
-44	22
29	22
31	4
34	13
-36	6
-41	-50
47	-25
-16	12
-17	14
-39	4
-2	-1
-23	-38
9	-10
36	42
48	-1
4	21
16	-46
8	-22
19	32
-9	27
-40	41
4	32
36	-22
-42	-31
-34	-14
-30	37
3	36
40	-16
31	2
44	-23
14	-17
38	-15
-29	23
29	-33
2	-11
5	-1
-49	29
-9	-20
-18	38
23	-24
12	-35
47	-20
-46	5
45	22
47	3
31	27
45	-2
-24	27
35	-41
-15	48
34	-38
41	11
5	-1
-12	49
0	36
4	1
-40	-21
4	13
-23	3
25	-33
33	42
-27	44
-6	-2
-7	46
27	-46
24	-27
-14	-13
-36	33
-5	-8
-11	-38
-30	43
-49	3
-37	34
-36	49
-46	-45
-21	-48
24	47
49	-12
-35	-42
-26	12
-50	48
27	-15
28	-37
14	31
-38	16
2	-39
4	-37
48	38
32	6
10	-46
-26	10
-25	-46
-9	-45
-38	-13
0	11
38	-38
-16	-38
-6	-48
-43	7
-1	-16
-36	-19
4	37
22	-13
-6	41
-39	20
28	7
34	28
-17	8
-14	-24
-29	37
44	46
-24	-6
18	-33
-14	-26
22	10
9	-43
-38	-30
2	-17
-3	21
10	12
46	-38
-46	26
-4	41
-7	-46
-8	27
27	18
13	16
-20	-38
-12	34
35	17
37	-44
-43	20
-26	-40
3	-43
9	-7
-34	-15
45	10
-24	10
-35	-33
29	-14
39	18
-20	36
-15	25
-9	44
-1	0
-17	37
-7	37
-45	9
-21	49
29	22
-33	-39
-50	45
44	47
-12	-9
3	40
-23	47
-23	32
-17	-10
39	-37
8	-4
18	24
37	30
-3	-11
-38	-39
1	24
32	-16
39	27
6	-36
-7	17
21	-9
-26	-40
-49	-50
-33	14
5	-23
-10	-46
26	-45
15	-27
-4	0
28	36
42	9
-31	-40
27	17
-6	49
0	-2
-36	-34
-20	-41
12	-48
2	-13
34	-22
16	-15
13	-6
-33	-40
-9	-17
-15	-8
-35	-3
-8	6
-10	-1
24	31
-7	-46
25	1
-29	40
-5	4
46	39
-10	47
-7	-20
-26	-14
31	6
-18	-16
-32	-9
28	-44
-33	49
29	-8
16	-48
-47	-18
5	-2
-5	46
33	-13
-35	44
-41	37
-22	-17
-46	15
25	-28
-7	-42
-13	-42
31	23
-44	-16
15	9
34	-40
7	11
27	19
-23	33
37	9
39	6
-15	-31
3	-30
-25	16
-8	-27
-48	29
-43	-39
-50	-35
-36	-36
-34	-5
35	-30
49	-39
-2	43
2	-17
-49	1
-22	-46
-11	2
14	-34
27	5
15	36
-11	8
8	-22
48	23
-37	-8
17	39
8	34
40	34
27	32
-37	-45
30	43
-46	-29
8	7
49	-30
-48	19
12	-17
15	44
25	-33
-20	19
-3	26
41	-22
-22	29
0	8
-27	6
49	2
-13	-34
-25	13
13	23
28	27
30	39
19	-10
10	-41
16	0
-36	4
-16	37
-29	22
14	-28
30	17
-17	49
23	-23
-17	43
44	26
31	7
-12	-23
-14	-36
-25	17
22	-12
27	-15
-33	-29
-5	-3
-4	39
-7	40
-29	-15
-6	-39
8	19
-6	33
-48	46
-45	0
-49	49
35	-22
-46	42
49	4
13	-48
-29	-39
-2	35
-31	30
38	15
19	8
30	40
41	-12
-42	-50
14	18
2	-36
-37	41
0	40
-39	-31
39	-4
33	42
22	-3
-21	-3
38	-50
-31	-50
-37	-6
41	6
37	24
27	-47
-49	35
-5	-2
-4	-30
41	-14
16	-3
-43	-43
-27	13
30	-4
-25	-14
-16	20
15	0
44	-26
44	-34
-42	-30
42	12
46	-4
44	-28
26	3
18	1
23	31
-8	-45
45	-50
-38	37
-12	27
-23	36
-49	2
48	-19
-9	-20
1	-50
0	-42
23	-46
-2	-32
-21	-45
-31	-13
-14	-48
-3	24
-30	-8
-29	26
-20	21
-2	46
4	-5
26	-28
24	7
4	13
18	-8
-2	-15
42	31
43	-2
22	21
11	-28
-16	16
-4	-48
-30	38
-18	-12
38	17
28	39
5	-19
19	11
-1	-42
32	-39
18	-3
33	27
17	-11
36	-45
30	36
-6	44
25	16
-25	48
16	46
44	42
-32	-25
1	48
25	19
-27	0
3	16
-22	16
-37	-49
47	-37
-7	-37
2	19
-15	-37
46	-3
41	40
-11	-24
24	-36
18	-29
23	5
49	-13
12	-7
18	20
19	25
-32	16
36	-47
-34	21
-12	-46
-22	18
16	46
-8	17
26	-39
-20	-47
28	-6
-18	-14
32	41
9	-48
30	-28
-19	-37
-22	-19
23	-16
-16	-41
9	17
12	17
-4	-5
-27	39
19	-29
-19	-14
16	47
-50	-43
-50	-4
-30	30
-31	-17
32	-34
35	-32
-1	-25
43	-36
-36	-7
35	-18
3	33
-15	36
0	-38
27	-7
-28	28
-33	-24
-47	22
21	-27
46	-18
-7	0
49	8
-14	-36
31	-29
47	17
-36	17
-12	-42
-3	14
2	22
16	-49
-37	40
-37	-50
-34	37
-22	-30
3	-34
17	19
-32	-36
23	43
27	34
-32	-6
14	20
-18	-6
-23	-1
-18	-49
-3	30
-12	6
6	-36
-15	-26
-3	-48
-3	-28
-38	34
-27	29
26	-49
-31	-17
-18	31
13	38
11	4
-12	43
-50	-27
14	6
-44	-23
30	20
-29	-8
-37	-9
-22	-42
3	7
4	-26
46	-34
35	-14
-23	46
-31	21
46	-13
33	-41
33	-35
-33	-25
-48	4
12	49
0	-31
-1	-15
28	31
-41	48
-40	15
12	24
-21	26
6	-18
44	-43
17	-10
-9	36
39	43
-31	26
-16	18
21	-33
1	44
6	-34
-22	49
-38	32
49	46
6	-43
-22	-19
14	-24
-45	-22
-47	21
-4	30
-48	-21
42	-2
-47	44
-18	38
13	-48
38	8
-36	21
31	-21
-48	-1
33	-5
-21	28
23	9
20	-21
-8	-27
-23	-42
48	1
40	-28
34	40
-43	11
1	-15
9	44
-26	-33
-27	4
45	-44
-50	11
-29	47
-3	-33
-13	43
-39	34
24	-19
3	35
-30	37
-31	43
-28	-46
45	-39
-9	-46
3	3
-35	-26
-11	-46
-48	-23
-21	33
22	-2
-41	48
-24	-50
-34	11
48	3
-29	-32
-46	48
7	20
-28	20
3	-30
-22	27
28	1
-50	-42
33	-26
-24	41
-38	-13
-16	32
48	-44
-47	21
-21	-12
3	32
28	-7
-37	27
35	10
45	-18
22	10
-47	15
43	-2
-17	-4
-10	-17
-32	34
-36	23
-22	18
22	-49
-46	47
-21	-38
10	-13
-25	-20
-24	10
38	-45
46	36
-24	-20
13	-7
-16	-4
-12	-48
47	-40
48	-29
-32	21
17	-40
-5	-27
25	-18
-35	12
21	6
8	38
14	13
46	0
-12	32
45	-14
-13	26
16	-50
-38	39
7	36
15	11
3	-23
11	39
-6	-50
-26	37
39	9
20	19
-1	47
6	36
-15	17
-29	-4
-22	-30
-4	10
-43	-41
-10	-19
-23	-21
-38	17
-24	46
37	-16
-19	-22
42	32
32	-40
-45	13
-6	32
-40	-14
-5	4
29	20
30	-22
32	-3
-4	16
43	49
23	-40
37	-48
-9	-34
-15	-14
8	41
5	35
36	-27
1	36
-33	22
-42	-3
-11	33
-32	-31
17	-26
22	36
2	-42
24	0
40	34
23	28
-37	38
39	-21
-20	28
18	-35
0	-44
32	-42
-39	-31
-29	33
-26	17
-14	-19
-10	30
35	20
44	-50
28	-5
-20	15
-31	4
-27	-23
-19	-13
-7	-1
-40	36
48	-50
41	-30
48	-41
-18	-5
-38	-45
-1	31
-27	-21
-38	19
-45	-20
-40	4
27	20
-6	-4
-28	-44
38	-9
-29	-6
-38	-22
14	1
-27	-36
-8	11
15	8
19	-34
-17	-4
24	31
26	15
25	-8
38	5
-6	-8
4	16
-18	-6
3	40
-9	-33
12	-34
-50	26
37	-28
-33	15
-8	-36
-11	29
-35	4
46	23
34	-33
-15	-2
30	-35
-13	9
27	21
-17	26
36	-17
-49	18
16	-11
6	-29
22	32
-26	-41
12	-38
-31	-21
-14	29
-40	8
-1	-47
36	19
-30	-17
33	18
25	-4
-12	32
-16	20
9	44
26	-26
-20	10
46	49
-28	6
-30	29
40	-11
-10	48
-12	-10
49	15
27	-23
-4	11
-50	-29
22	-22
-17	10
-40	6
-36	6
-32	43
1	-17
-17	40
-4	-33
19	32
30	26
-35	-5
41	-37
-6	23
41	-26
32	-33
4	-43
35	-20
-34	-37
15	42
10	36
-10	-24
13	40
-30	8
26	33
-45	6
37	30
29	1
-6	42
-34	-30
10	3
-45	-48
20	-32
2	35
-16	-9
-14	-42
-44	-38
29	-25
20	7
-22	-7
-50	26
17	27
-40	-4
21	39
45	47
-40	18
-43	49
20	-37
7	-39
13	-30
40	-28
16	21
20	-10
-41	20
-45	15
47	-7
31	28
-45	14
24	21
36	-46
-31	39
30	-23
-50	41
-32	-31
19	-46
49	-15
-30	31
32	40
19	-6
2	11
-20	-29
20	1
-47	-26
-42	-4
-42	33
21	8
28	46
10	-32
16	38
-47	2
-5	38
23	8
-48	-33
4	40
-7	18
-27	-16
-20	41
-26	-5
41	-38
9	-18
-30	-17
28	13
-4	47
-11	29
10	-30
11	29
15	-48
-8	-43
10	-50
47	30
16	17
-8	13
39	6
46	-38
-27	9
-18	-18
33	-21
29	41
-45	-26
39	19
-11	20
33	-6
22	-30
20	2
-43	31
-47	-20
18	-47
34	19
-33	34
-23	-50
47	39
-16	-43
-15	-35
-12	47
-34	-29
48	30
27	38
25	-13
-40	-27
-38	-50
-3	1
9	-10
-15	-24
-22	-35
45	11
-47	48
1	29
11	-17
-42	-48
37	38
30	1
-6	-26
44	-29
45	-19
46	-40
-31	-39
-40	-45
26	12
7	8
-37	-48
-26	-18
-48	49
44	-35
-5	19
-10	-10
28	-3
7	15
-44	-9
10	32
45	23
47	-23
-7	0
6	12
-32	23
16	-11
-50	-43
11	14
41	-16
-6	8
-17	49
-12	46
45	-7
-45	-17
-41	8
-29	28
-5	-8
-13	9
19	47
38	-45
-38	-29
37	-16
13	8
19	-50
13	5
-12	-2
-19	8
0	-27
13	28
-20	-35
-4	12
-9	18
32	-44
43	43
-30	-18
-10	-14
34	-10
-23	1
-39	-48
-8	38
35	-50
25	-12
-46	-30
-21	-21
-40	-21
23	46
39	41
22	11
23	3
42	7
-27	5
-18	12
-25	22
-47	15
37	-35
-42	29
-45	46
-19	27
19	33
30	-48
37	5
-4	29
-23	-29
-7	14
19	27
-31	46
-41	-19
43	6
-43	6
-18	-16
-44	-21
-16	47
28	-2
-46	6
-24	-14
-17	-44
42	-40
10	4
-24	-49
30	20
-1	28
18	6
-27	21
26	-4
24	-15
26	0
7	-6
-40	-5
20	42
21	3
-18	9
-11	11
13	15
22	49
-6	-22
35	-21
17	-22
10	49
44	29
24	9
-32	-33
-42	-34
-9	-13
-49	7
29	20
28	7
44	29
46	-39
42	49
27	30
-4	20
-49	-50
-28	15
-8	28
14	-16
-50	5
-30	21
22	3
45	-21
-46	45
-20	1
-27	35
45	33
23	33
-21	-10
-8	32
13	24
-47	0
-17	-15
23	-9
18	31
13	3
1	-16
-8	39
-48	29
-18	0
26	39
-7	-43
14	42
-24	40
-28	-44
41	-41
34	-22
-50	-40
20	-43
15	44
-14	-24
-42	43
-4	30
-39	-11
34	31
-1	-24
-31	-42
39	-12
22	48
47	-22
-32	-15
-14	48
25	43
-17	-45
-37	-2
42	16
-44	16
-11	13
-15	39
-38	-3
-8	-41
-48	46
-36	-5
-48	-4
-41	-14
41	-6
-38	12
10	26
45	-13
0	23
30	7
-49	-5
31	-4
-27	-32
-18	-48
-20	-9
45	44
35	27
-20	-34
31	29
27	29
42	-21
47	-24
-17	-22
24	-7
6	32
-10	-37
-12	-24
-24	-11
11	-41
-32	-50
-40	-47
-30	5
-25	45
32	-44
0	-17
-43	-23
-31	13
-35	-25
-21	28
40	-5
6	-44
25	15
44	30
23	49
27	-4
39	18
39	5
-48	-28
-43	-34
-35	31
-41	-28
-35	-42
-46	4
28	28
-43	4
22	4
-2	32
-1	-30
-4	-45
-19	46
-35	-14
-21	0
11	20
44	30
-2	13
39	29
36	-9
42	6
-26	-5
-35	16
-11	-13
-4	-9
18	39
8	22
-40	13
14	-2
43	-31
40	24
-39	-29
-45	34
-14	-14
46	12
-22	46
27	-50
-46	-13
-48	5
-3	-32
-10	49
-38	46
42	-28
9	13
-46	34
34	-20
45	26
1	3
28	-29
17	3
-13	15
4	-42
-5	26
13	37
38	-46
-36	5
-50	-5
-18	-22
1	-30
-45	-4
-4	-10
-10	-23
-45	6
31	12
17	-25
-15	43
-36	-48
-1	-1
8	-35
12	-7
36	-8
-25	21
19	-21
24	-5
-3	-7
3	-5
19	-11
-23	-16
-6	2
-13	10
-10	7
-23	-3
39	-42
41	-2
-22	8
25	-49
1	-38
3	15
0	-45
34	33
-35	31
-28	-17
-29	21
22	-25
-42	-50
-17	42
14	11
22	-23
5	26
-26	-46
13	48
-47	-34
-14	8
6	-15
19	38
-11	-20
-40	36
8	13
37	26
-14	41
36	46
26	4
-21	-37
7	19
46	7
24	3
28	-13
-46	11
-31	36
-38	-41
49	49
34	-49
-44	-18
21	17
12	-46
-17	-48
-14	-10
-32	0
28	4
21	8
-29	19
-12	3
41	47
26	7
1	47
23	42
-22	-3
6	-40
-1	5
16	35
-5	6
22	-36
-49	25
10	40
27	45
7	9
16	11
-42	22
-41	-23
-22	32
-9	43
-17	37
-44	-41
41	39
23	-17
21	-22
40	15
-27	-8
-15	-23
-26	-31
2	22
-38	-32
21	-34
16	-35
39	-10
-46	34
0	22
-10	2
-8	-17
-32	17
-50	38
-10	-31
7	44
46	17
-19	-11
-22	11
-43	-13
-40	-13
-30	11
-41	7
42	9
-31	5
45	29
-21	29
29	47
29	-28
23	47
-39	36
-16	20
-2	-4
-2	8
41	-2
29	6
7	-16
47	42
-47	18
49	-47
-6	12
-35	-46
18	-19
18	13
-9	-24
-18	-19
-13	20
-35	29
19	27
-47	16
36	9
-26	-11
-23	24
-30	-29
7	24
9	-50
9	-7
32	8
-20	-46
-34	-45
31	-16
-26	42
45	22
-31	-8
-4	19
-22	46
21	32
24	-5
-10	27
8	-12
3	26
-39	38
31	-19
-14	-36
41	-27
26	-31
-1	-50
32	31
-18	49
41	8
-38	36
-39	-42
43	-20
6	-6
-50	47
-23	-13
23	14
35	-26
38	-45
-18	-32
-35	11
-33	-32
34	48
-22	11
-39	-14
-44	37
6	32
37	3
10	44
-15	16
18	15
8	-43
27	-16
30	-38
-28	-34
45	44
-29	6
29	-6
26	36
-40	-7
27	46
45	46
-36	-33
-21	-12
-32	38
4	-14
-26	-37
-8	-7
49	45
-29	-48
29	-19
27	40
19	29
-27	2
-28	21
-49	2
16	10
-33	-28
-40	36
37	26
-20	-41
-9	-25
22	-35
-20	5
25	21
24	-46
-5	-33
28	35
-21	41
-27	30
16	31
35	27
-3	45
5	15
-5	45
43	-36
25	9
49	-30
-33	-18
35	-6
49	-8
26	-36
43	24
16	35
3	44
-32	23
-35	-42
46	-10
22	4
-34	12
-43	18
18	-49
-3	27
-35	41
4	36
6	-10
21	-31
8	17
-10	-9
-43	-43
-27	23
-49	-28
41	-40
33	18
29	-5
32	42
31	21
-37	41
-14	46
-34	-48
44	27
10	-4
-21	-19
-1	-7
-43	34
19	-14
-17	-21
-15	34
26	39
-50	14
40	36
-32	14
-29	-16
36	12
47	-18
9	36
41	-24
-7	-7
-36	31
7	-26
-19	41
-48	2
49	-31
-47	28
10	-30
-33	9
-23	30
29	-27
41	33
33	-1
3	47
40	26
37	32
-46	2
-40	-30
11	10
-6	21
17	-28
34	-49
27	18
47	4
10	-41
7	19
48	35
-22	-27
21	47
9	-18
-6	28
37	-37
36	-15
18	38
9	26
-19	-48
16	-49
37	24
0	32
17	-38
47	9
3	12
-22	45
-43	-5
-8	31
16	-47
-19	45
13	-24
-8	33
6	-2
32	45
48	33
-44	-23
-16	3
48	-21
-4	39
6	47
15	26
-24	-37
19	-16
-40	-14
3	-5
-33	24
-41	-1
30	-32
-48	-23
-35	-7
-1	8
-45	35
-42	14
-1	28
-46	13
-11	4
-20	-12
8	-46
-25	-29
-1	-2
36	-22
11	32
34	35
-23	-35
-25	34
21	-16
-5	-10
12	-6
13	15
-42	-39
36	-1
-7	-44
40	7
-2	9
-23	-24
-22	-8
-29	-2
29	-1
48	-16
28	-27
36	-31
-29	-38
41	-40
25	43
3	-23
-2	13
-23	32
21	-12
41	-36
17	48
17	-29
35	28
49	-41
-38	14
-31	29
24	-35
18	-26
-48	-11
26	7
-27	-38
9	-14
23	-39
-24	-41
-26	36
-8	36
-31	-46
1	34
-44	25
-38	36
25	-21
46	-20
49	3
9	45
-17	-11
-19	18
-13	5
-11	42
-38	40
-13	-19
15	-9
41	-28
49	28
-8	45
38	-20
-19	12
-29	7
45	24
-22	25
8	38
17	18
-29	15
-21	-33
-35	20
34	-2
18	47
28	-29
-44	2
-3	-21
39	29
45	7
30	18
-50	38
-9	42
-8	-19
-35	-22
-44	-39
-27	-40
43	-36
-48	33
-24	-10
-5	-35
-44	-16
6	-21
26	37
0	-21
1	-33
4	17
-8	-28
-12	-30
-14	-4
17	26
-29	36
-34	-1
49	46
-21	4
-22	24
-40	-33
19	-50
-13	29
27	-27
49	-45
-18	43
41	30
-42	-7
33	32
29	-2
-41	-25
-20	-22
5	-7
-8	-16
-32	12
-4	-19
-27	29
-41	-28
-36	26
-29	-24
19	18
42	-20
-35	21
37	-14
1	-45
-47	12
-22	49
-46	-27
-11	-6
43	-22
-43	-26
23	-41
-44	-35
-4	36
-1	45
39	18
2	-40
3	48
-24	48
17	-34
18	45
40	28
-12	-31
34	-3
-46	-2
-45	-49
-28	-46
10	-7
45	9
7	-16
-6	29
39	40
41	-2
44	-49
13	-9
-32	34
-1	-40
-36	-8
1	14
14	-1
-2	46
-3	20
20	-9
30	-2
2	4
-48	41
-34	4
36	-8
44	39
47	30
22	45
-18	4
-42	2
41	-17
-41	-40
-34	-41
38	-4
-35	11
45	-6
15	-2
-35	48
10	27
34	-21
-33	-46
-28	-13
48	39
-38	20
9	-29
-45	-3
40	-46
-33	-16
34	49
39	41
-38	-50
47	-2
-32	-34
-40	-38
-22	16
26	39
-49	37
10	-5
-30	-21
28	0
42	0
36	7
-14	-41
33	-47
-40	-4
-37	8
7	44
41	8
3	-10
-45	12
-30	40
12	-40
-29	47
9	-12
-41	22
-13	-29
10	19
-31	-19
-29	31
34	-4
27	-1
7	-37
-17	36
-43	-48
-44	-35
15	5
-17	-47
-9	9
-6	-10
-41	-20
28	6
30	37
-25	4
-27	-23
-43	30
-41	-3
45	-21
-47	-4
27	48
19	-48
-43	41
-50	15
3	-18
35	12
45	-4
29	-14
-47	-6
4	44
-29	-10
28	28
-22	-29
48	-49
21	23
46	-22
-48	-28
-25	-28
18	-44
5	8
6	12
-47	-1
-4	-1
38	0
-34	30
41	-30
-31	17
14	17
15	45
24	42
-25	-35
47	6
36	19
40	22
48	1
-27	9
10	47
-22	-15
19	45
-11	-31
-21	-17
4	9
-29	-26
25	-2
-10	-39
22	-8
-36	1
10	21
-32	-36
-4	-2
33	22
2	-36
-37	24
33	1
-27	-50
-19	16
0	-40
-24	27
41	14
25	26
20	-47
-37	-29
23	-10
28	-40
45	-36
-42	-20
45	-12
42	26
40	-14
26	-42
40	-30
19	21
-5	-47
27	27
39	-10
-39	-10
-14	26
-25	-16
20	18
0	-30
-7	-21
49	-3
-41	27
-47	-1
-9	15
-46	-12
26	-6
-21	-43
-24	-35
-12	33
42	-27
17	39
-1	30
-12	-38
-30	48
33	-22
-6	49
4	32
49	-30
-47	-1
-32	25
30	-26
39	38
-1	-31
-11	2
-47	26
9	-32
6	8
21	42
-41	4
8	-2
6	0
23	-1
-27	-47
-39	-19
46	-30
35	37
20	-32
33	-27
-3	-9
-10	12
-46	39
-11	-46
2	33
22	-28
3	22
-47	-41
19	-23
18	49
34	-40
-23	37
48	37
-9	-5
-12	0
21	41
9	-32
-27	49
6	31
21	-13
-25	-30
-25	-27
-21	36
-45	29
30	35
41	3
-21	15
-33	-9
47	31
33	46
-8	35
-29	16
9	2
-34	-46
19	5
41	33
-44	15
-8	-20
-46	-4
-49	38
-43	-38
-6	-26
-37	-41
9	-28
-9	-11
-11	-41
-21	-50
-1	-50
30	-3
18	38
7	-26
7	26
49	27
1	-21
42	-15
-28	41
-28	-49
29	40
-20	23
-29	-39
-30	-33
-33	10
34	49
14	-3
41	-11
21	-25
43	47
-37	36
7	5
-12	-44
-1	-18
26	49
48	31
-26	-27
-16	-2
-20	29
-3	40
16	19
-7	6
21	40
-25	-46
-12	-34
-45	-45
-30	19
48	-44
22	2
-10	-29
1	36
34	-16
34	27
6	-42
16	-7
-47	11
47	-35
21	-34
40	-36
12	-27
3	34
19	1
2	-44
-16	16
-48	-5
-32	28
3	47
21	-31
12	-39
14	-16
33	-46
-16	43
-37	30
-18	-42
-22	-3
-26	-20
-17	25
31	47
-34	12
36	7
42	29
0	-8
-21	-28
-42	22
21	-20
17	23
13	-22
-34	44
23	-8
-12	13
-19	-8
48	-22
39	-29
-18	-45
41	36
-4	-49
-46	-21
-50	-35
27	47
-6	-20
3	-33
38	-21
-6	49
-14	29
39	49
35	27
45	-13
29	-29
-5	-18
48	0
21	-50
-7	30
-25	-5
49	-35
28	-2
-19	-37
-21	37
11	-18
16	-2
-19	-32
37	37
29	-23
31	-46
31	-29
18	-9
31	6
14	-23
29	-17
9	-34
47	32
32	-4
-5	21
37	36
12	-39
-1	-2
17	42
47	11
-37	31
19	48
2	-5
-1	32
-4	19
-34	32
-42	-18
-5	47
19	-23
18	8
25	-43
-12	-43
-6	-1
22	6
45	-49
35	39
-34	32
-48	35
30	-47
-45	14
31	9
36	-48
-9	1
-39	-1
43	33
8	-16
-44	-21
-38	7
-13	-35
-33	-24
-9	26
-22	-43
35	-24
-21	42
-35	-49
39	25
46	-14
28	42
2	15
-49	13
-46	-42
25	12
-33	8
49	37
-22	-27
8	-48
-49	24
41	-4
25	-32
-13	38
-40	42
-10	20
-39	27
30	0
-44	1
-45	-44
-24	27
32	9
29	-27
-27	-9
-45	-16
-48	-44
-16	47
12	40
-49	9
-46	-49
10	41
-17	-20
-37	-25
27	-27
-45	5
43	-10
-50	34
9	-41
7	38
-22	-1
-16	-16
-19	27
4	36
-11	28
27	-41
42	-12
-1	-4
-25	-14
-27	12
-27	-32
-29	-47
-8	3
7	39
8	-47
22	-17
10	-28
-4	-46
4	-18
12	11
32	-41
46	34
48	-28
-13	47
-31	-22
10	30
4	17
42	-22
12	26
31	40
39	2
-7	32
27	-46
10	-33
5	13
-26	-19
-29	-33
-45	-20
3	-4
41	17
-42	26
-4	-29
-23	-27
-19	-3
40	49
-6	-2
6	-11
-32	49
-2	27
5	16
-38	8
-16	-40
-9	37
-24	20
-28	38
33	-40
49	18
-24	-10
32	28
43	-18
29	-18
-41	36
-13	44
-24	-8
-35	-25
17	47
-28	23
30	-4
34	0
-26	21
-33	6
-33	-19
-43	-31
9	-4
-47	12
11	9
45	21
16	-19
42	21
14	25
-28	48
-20	-42
17	20
-46	20
9	19
10	-4
-47	12
-3	-50
-9	-29
6	-30
-31	-3
-39	26
-16	-49
-19	19
-24	6
19	-1
-22	43
-5	48
-3	43
29	36
-49	-18
-28	24
-43	-11
9	10
43	-4
-2	-5
22	-39
-21	-27
42	-15
21	-44
5	-12
-2	20
6	-39
-18	27
14	18
-22	20
-3	38
-12	-27
36	41
-42	-3
-36	37
-18	48
10	-6
-23	24
46	-17
33	39
19	43
3	16
6	-15
16	42
13	-14
49	-39
-44	-24
27	13
19	0
-47	-38
-20	-38
6	30
31	29
-3	42
-17	41
7	17
24	-47
29	10
-26	5
-5	6
-30	47
44	-12
15	26
-42	27
-32	20
32	46
17	29
36	-30
25	11
48	-10
38	4
-8	18
-29	42
-45	-18
43	16
-36	44
-5	46
20	3
13	-12
9	44
29	-28
19	-6
-22	27
20	-45
-50	-12
17	15
-48	15
-18	5
26	-22
-9	-1
-17	20
-3	18
32	35
-2	2
-30	-2
-1	42
47	-36
-11	27
-32	-31
-13	33
12	28
-44	41
38	19
32	15
-16	-14
11	-8
-42	36
-6	-9
-43	19
-43	-42
-19	-35
3	3
47	22
41	15
41	29
-26	23
8	-8
22	26
-21	42
26	-18
-5	34
41	-1
-33	24
39	2
-16	-41
3	9
27	35
-36	-41
19	34
-8	23
-19	24
-10	-47
-3	-42
5	-32
0	-15
-42	25
24	-3
42	17
-26	-16
18	-47
-34	-30
16	6
2	21
13	24
43	33
15	24
-31	3
40	32
41	-28
41	-12
-14	-9
-14	-10
-38	-26
26	-36
-19	6
-11	9
48	41
-16	-49
38	-38
32	38
-29	40
12	-3
-44	-40
-8	-38
-15	1
-48	40
6	44
-28	46
21	-44
40	49
-37	32
-32	-6
-36	-17
40	11
-18	-32
-28	16
-14	-31
43	0
-1	40
-16	29
-27	29
27	10
25	42
5	-6
-18	-15
-46	7
-5	-1
-34	33
46	43
23	-2
46	-24
-30	41
-6	-31
-11	-50
-50	-27
-15	-25
48	-25
-32	-7
1	48
35	19
45	18
-31	-8
26	42
39	-11
4	-1
23	-34
30	10
38	5
31	25
23	7
6	-4
-11	30
-17	-8
-30	4
-23	-8
-2	-32
-35	39
28	3
-32	-34
-40	-32
-46	46
-45	-37
-19	32
37	-26
38	-34
7	-27
-7	1
-1	19
-16	-28
-50	5
22	47
-26	-9
0	-48
-34	-45
28	-39
21	30
-15	5
15	29
2	-49
-38	-9
-20	26
16	35
13	-4
-45	28
-5	23
29	31
30	-5
30	5
25	0
-26	9
-27	33
8	0
18	3
-4	-45
8	-19
-7	34
-32	-34
-44	49
35	22
20	-4
-12	-36
41	0
-16	-8
15	4
44	7
-7	-23
-43	28
30	-5
21	-13
27	-8
4	-33
24	-4
40	-43
-38	-10
48	26
17	-27
42	-44
41	7
37	-6
20	41
-47	-46
5	-34
-4	40
43	49
48	-18
-6	0
-32	22
-27	-24
-18	36
18	-12
-24	-6
23	15
-24	17
-28	-18
-14	14
4	9
40	5
49	42
-15	-48
-45	34
-5	4
2	-4
-18	-27
43	24
-14	-23
-1	25
-46	45
4	-41
45	45
5	-9
-42	-23
-28	-39
-29	25
28	23
32	-35
26	-46
32	-49
10	-17
-9	28
18	28
27	29
18	-3
-13	9
-11	-31
-14	23
-15	44
8	27
22	4
28	-30
-10	-39
41	-48
-10	-21
31	-45
40	0
-23	7
-21	36
-1	-33
-49	29
17	3
4	-21
25	3
-3	-42
6	-19
-35	-35
-44	-41
48	10
-40	-28
-17	-42
-50	-28
-5	-35
-23	-31
-20	35
-29	-22
-24	43
31	-12
9	4
-31	20
20	6
-9	17
-9	26
2	-10
-46	-9
12	-8
13	6
-29	37
-6	-17
41	40
34	-31
-9	-48
49	-48
30	47
17	-38
-26	-20
8	12
49	-41
-28	-12
29	45
-38	2
-25	11
-43	33
33	-4
6	-42
-41	28
-26	-26
33	1
-15	-36
33	21
-28	47
-9	11
-10	-20
-19	-1
-16	-34
15	-39
-1	14
-12	39
46	7
-20	-35
-40	0
-14	-26
4	-25
7	17
49	-12
26	-9
-45	44
-21	36
13	-46
0	17
-16	-38
37	8
-39	23
-21	27
24	31
23	-20
-21	34
28	13
17	-42
29	43
8	27
21	5
42	-29
36	-38
11	13
-40	-29
-27	-22
-11	-3
4	-45
48	3
31	14
23	17
-50	26
-2	-47
18	-44
-16	-38
12	9
-16	42
-45	14
-32	38
-39	-20
29	10
-50	-6
-2	31
-1	-7
-34	47
-12	-20
22	39
-7	14
5	22
42	8
-26	-11
9	-1
-25	11
42	25
36	34
-36	13
-29	-31
-33	40
28	12
3	-20
10	-24
-28	37
17	47
-30	20
49	27
-44	13
29	-4
-16	23
-26	40
44	-42
-49	25
-27	34
-30	-17
26	36
-4	-33
-11	-1
-10	-40
34	-12
-50	-45
-44	-34
22	1
49	39
27	-24
-27	-11
-44	-30
15	48
-2	33
-44	-43
-35	-37
-7	-15
-35	15
6	-23
5	-48
46	-26
17	37
16	27
-30	-17
6	-46
35	-18
-29	-17
-50	-14
24	-43
-14	-23
-8	5
29	27
43	-17
43	35
38	-13
41	-3
10	14
45	43
1	29
12	-37
-48	4
-26	41
-34	26
26	28
-32	38
22	18
-3	-16
7	-21
29	-21
36	39
-17	-25
20	-42
27	-34
-17	11
-45	-17
45	-23
29	5
-23	-31
-22	35
3	27
-10	-14
37	40
-37	-8
-25	0
-36	22
26	15
45	-31
-50	-36
-13	7
6	-6
14	38
24	49
7	-39
-13	-1
-22	-37
32	-39
-16	-16
-2	-40
46	0
-3	-43
-37	31
7	-23
-11	12
-35	-38
-6	-50
31	-45
-35	3
5	3
20	-18
10	-4
-39	-16
-28	20
29	23
-50	-20
30	-16
