2701 400
34
23
27
32
43
41
14
35
2
33
37
30
22
31
19
46
40
17
5
22
34
22
45
45
15
31
37
20
7
7
7
10
33
24
24
47
25
9
27
16
2
5
38
7
30
37
46
31
20
19
20
39
42
8
37
34
5
18
16
35
20
29
17
41
4
21
15
12
27
9
42
28
47
44
8
14
42
48
33
23
26
20
39
33
22
18
47
16
45
37
23
32
17
32
19
22
46
36
21
3
9
27
25
28
36
49
9
24
44
14
32
4
4
44
26
24
39
29
10
20
24
27
14
28
25
28
41
28
35
5
46
32
8
3
7
33
19
34
44
4
30
26
38
26
10
38
26
31
16
30
16
21
21
29
5
12
16
14
49
45
40
8
4
31
8
49
42
41
26
31
21
26
31
21
28
36
1
5
25
41
33
14
48
35
5
38
41
5
36
40
13
10
42
11
4
15
4
34
20
37
3
42
8
21
2
46
38
7
5
1
28
22
20
46
2
14
27
4
36
18
10
46
48
39
28
41
35
41
5
23
33
39
18
40
14
4
13
34
43
14
33
17
35
14
38
2
14
35
15
41
49
43
24
11
28
22
27
38
43
9
44
10
34
8
20
39
48
9
39
40
10
21
20
23
11
18
33
5
14
25
18
13
8
42
9
10
30
29
47
23
12
20
30
2
48
45
17
25
22
3
34
36
45
2
12
20
10
6
22
43
46
44
18
42
5
35
10
45
15
36
42
18
20
6
19
7
42
25
16
31
4
33
5
22
21
5
3
5
14
26
44
8
21
17
22
23
8
5
1
46
31
25
28
29
25
17
34
18
5
21
44
18
33
11
10
44
6
39
15
10
22
19
48
48
4
11
41
18
26
45
30
3
41
17
14
4
42
11
29
44
10
42
24
6
16
37
19
2
31
23