2701 400
45
3
37
34
45
13
8
12
22
35
8
18
20
14
14
3
42
3
13
14
9
31
9
19
26
38
19
13
22
23
19
14
46
7
17
13
8
31
26
37
41
20
34
25
47
19
19
34
18
48
31
18
33
49
14
7
48
43
5
47
4
6
34
25
43
14
22
29
13
35
49
20
7
1
46
16
13
3
39
17
8
45
30
48
6
13
5
29
26
42
19
46
25
44
9
36
8
17
11
19
49
41
22
31
47
29
37
16
9
18
25
28
43
28
22
45
11
8
30
42
35
34
12
12
4
25
44
20
3
28
46
30
42
44
35
39
10
14
13
24
40
26
22
13
25
33
12
18
31
43
35
12
29
42
30
34
16
48
13
15
34
28
31
23
17
32
25
38
24
9
37
11
12
8
9
26
7
49
13
6
24
1
26
45
13
41
21
12
37
9
27
18
13
44
33
43
29
25
30
10
14
6
30
40
13
9
35
36
26
10
47
35
2
35
35
35
14
45
46
36
16
20
27
3
16
36
31
45
49
11
41
15
20
12
27
30
6
42
39
25
11
29
14
49
33
23
42
28
31
4
23
38
39
16
13
35
45
22
5
7
24
7
31
42
1
6
40
8
30
18
35
13
15
21
39
48
7
41
31
3
13
22
4
38
28
32
44
23
16
16
13
45
31
14
41
16
15
43
34
15
26
27
28
2
46
17
23
9
42
7
16
36
4
8
38
25
37
26
39
11
28
37
3
9
15
31
22
21
21
21
25
6
12
49
11
33
11
13
4
19
48
44
47
16
18
28
13
48
43
49
41
18
43
20
6
43
27
31
9
4
2
30
12
16
27
27
4
21
10
1
9
6
42
35
15
5
42
34
14
38
1
1
7
42
33
27
16
31
24
2
39
1
19
2
47
3
41
4
12
28