2701 400
23
47
16
6
3
25
24
49
17
9
21
40
5
17
19
24
23
45
15
21
4
49
46
31
14
16
21
46
21
27
44
40
24
19
17
10
5
37
33
38
44
30
42
40
6
40
35
26
11
17
15
35
19
27
37
6
41
38
6
42
29
25
16
44
27
3
7
40
20
38
18
15
2
34
34
3
1
6
15
6
35
49
16
39
49
3
4
3
4
36
32
21
46
35
12
32
43
22
35
48
5
40
4
46
39
16
16
8
32
28
31
14
12
24
24
30
29
6
34
42
46
35
23
44
12
9
3
44
39
31
6
25
44
12
19
39
21
29
47
25
37
42
9
37
38
31
9
28
19
25
17
30
4
17
25
24
19
17
22
8
30
36
22
46
49
44
18
9
38
48
49
6
2
26
49
1
17
35
31
44
33
4
36
19
41
7
18
6
10
5
5
48
5
24
4
48
17
19
10
10
6
21
41
23
42
11
4
18
32
38
7
48
38
29
7
14
47
26
48
28
47
13
18
33
3
40
20
34
21
22
18
30
33
42
47
1
15
19
7
35
19
31
11
1
26
19
32
26
18
43
24
31
24
19
21
7
20
42
5
8
43
32
20
23
22
39
20
30
44
38
8
4
45
24
34
33
30
7
8
20
48
49
12
27
45
16
18
33
46
38
14
44
22
27
4
40
28
16
11
4
28
16
24
16
26
31
28
22
42
23
31
23
48
2
39
22
6
15
40
49
39
11
32
2
16
10
28
45
7
41
42
37
31
10
16
21
18
32
7
47
30
34
1
14
13
9
22
33
15
29
38
46
9
43
25
10
5
23
18
42
21
35
9
32
20
20
12
48
16
1
47
41
48
48
17
13
12
7
31
6
6
8
45
38
13
46
12
26
23
10
34
47
9
40
13
39
22
10
40
13